5
0.0000066082
0.0000041067
0.0000030464
0.0000027837
0.0000026640
0.0000025602
0.0000025341
0.0000025639
0.0000025081
0.0000025160
0.0000025211
0.0000025234
0.0000025257
0.0000024741
0.0000024829
0.0000024438
0.0000024540
0.0000024480
0.0000024671
0.0000024880
0.0000024550
0.0000024391
0.0000024578
0.0000024419
0.0000024531
0.0000024433
0.0000024647
0.0000024401
0.0000024471
0.0000024573
0.0000024429
0.0000024531
0.0000024438

10
0.0000642543
0.0000554328
0.0000509932
0.0000486383
0.0000462774
0.0000434960
0.0000428949
0.0000413652
0.0000402718
0.0000404092
0.0000394313
0.0000388948
0.0000389190
0.0000380897
0.0000378271
0.0000377358
0.0000369716
0.0000376464
0.0000373381
0.0000366620
0.0000375952
0.0000369702
0.0000363928
0.0000366713
0.0000363961
0.0000360962
0.0000363570
0.0000358131
0.0000359202
0.0000358289
0.0000356310
0.0000355570
0.0000359602

15
0.0001924708
0.0001714942
0.0001709010
0.0001688609
0.0001691333
0.0001665261
0.0001676190
0.0001675193
0.0001670960
0.0001678518
0.0001670537
0.0001682169
0.0001665191
0.0001671361
0.0001810212
0.0001673750
0.0001663840
0.0001663971
0.0001672357
0.0001659072
0.0001670271
0.0001664893
0.0001671221
0.0001662048
0.0001666117
0.0001661638
0.0001673340
0.0001662951
0.0001668064
0.0001675813
0.0001663440
0.0001681149
0.0001666490

20
0.0005737399
0.0005087936
0.0005025230
0.0005355231
0.0005091038
0.0005018408
0.0005029021
0.0005204729
0.0005029640
0.0005022660
0.0005379212
0.0005034441
0.0005015680
0.0005037449
0.0005011661
0.0005026949
0.0005014678
0.0005015684
0.0005068309
0.0005045938
0.0005035270
0.0005010576
0.0005034260
0.0005050958
0.0005025868
0.0005041040
0.0005199234
0.0005031009
0.0005032052
0.0005040071
0.0005021850
0.0005021477
0.0005034371

25
0.0010141591
0.0008983780
0.0008996408
0.0008972930
0.0008984669
0.0008687042
0.0008676420
0.0008694609
0.0008837432
0.0008435580
0.0008410742
0.0008402439
0.0008426672
0.0008563241
0.0008152560
0.0008179974
0.0008179038
0.0008168076
0.0008231760
0.0007928959
0.0007929681
0.0007929602
0.0007925313
0.0007965197
0.0007521911
0.0007483107
0.0007475619
0.0007476457
0.0007650792
0.0007277750
0.0007293057
0.0007286961
0.0007290342

30
0.0019433438
0.0017005410
0.0016953698
0.0016967622
0.0016836510
0.0016951673
0.0016893609
0.0016945479
0.0016914289
0.0016886033
0.0016881553
0.0016787271
0.0016870927
0.0016777520
0.0016887700
0.0016770139
0.0016833399
0.0016738102
0.0016365750
0.0016531297
0.0016022697
0.0016007950
0.0015864228
0.0015546251
0.0015947223
0.0015213843
0.0015198812
0.0015402702
0.0015083393
0.0015156008
0.0015528789
0.0015110741
0.0015505790

35
0.0025027948
0.0022140262
0.0021959781
0.0022394471
0.0021883301
0.0022189468
0.0022620982
0.0021823198
0.0022353330
0.0021782266
0.0022578300
0.0021379553
0.0021539703
0.0021138201
0.0021488909
0.0021189251
0.0021658009
0.0021258048
0.0021224301
0.0021545128
0.0021063169
0.0021847803
0.0021163733
0.0021383259
0.0021093274
0.0021392344
0.0021344037
0.0021349750
0.0021105800
0.0021300148
0.0021160413
0.0021115686
0.0021391911

40
0.0053016623
0.0043294881
0.0042355699
0.0042503714
0.0042601838
0.0042074937
0.0042159972
0.0042127650
0.0042132572
0.0042330991
0.0042179679
0.0042135091
0.0042126998
0.0042146407
0.0042340299
0.0042213281
0.0042112023
0.0042151939
0.0042643952
0.0042246906
0.0042059119
0.0041983291
0.0041989726
0.0042143450
0.0042439350
0.0042373878
0.0042171041
0.0042830771
0.0042229150
0.0042326632
0.0042249030
0.0042093219
0.0042355158

45
0.0064512431
0.0055713342
0.0055808444
0.0053685308
0.0050619142
0.0050568930
0.0050321040
0.0050560064
0.0052541289
0.0050466103
0.0050483290
0.0050862781
0.0051146359
0.0050311810
0.0050404831
0.0050810031
0.0050967103
0.0050439513
0.0050399620
0.0050590760
0.0051561408
0.0050465888
0.0050668581
0.0051026256
0.0050483202
0.0051310491
0.0051864660
0.0051158788
0.0050621647
0.0050808783
0.0050555160
0.0051056864
0.0050546150

50
0.0100714420
0.0087163597
0.0087352190
0.0086983149
0.0086917770
0.0089207008
0.0086886063
0.0086504472
0.0088222851
0.0088369818
0.0086421352
0.0087947152
0.0089084483
0.0087447781
0.0086880950
0.0088633192
0.0087780361
0.0088523589
0.0088766338
0.0086559830
0.0087720416
0.0086958073
0.0089138472
0.0090335310
0.0088062068
0.0087239486
0.0087014991
0.0088011529
0.0090098539
0.0088068158
0.0086824256
0.0086396779
0.0088520930

55
0.0129011078
0.0110736298
0.0108509730
0.0108573590
0.0109258308
0.0108538847
0.0108460984
0.0109254061
0.0108569269
0.0110597340
0.0109260930
0.0109365792
0.0108666141
0.0109027722
0.0109522692
0.0109046139
0.0108605409
0.0109097627
0.0109123262
0.0108663621
0.0108521278
0.0108517823
0.0109003671
0.0109537248
0.0108500058
0.0108485199
0.0108366972
0.0108655067
0.0109141548
0.0109773907
0.0108668162
0.0109252911
0.0109083392

60
0.0189897907
0.0162437181
0.0163382171
0.0162544590
0.0162511691
0.0162566369
0.0162763530
0.0162863941
0.0163175841
0.0162498672
0.0163142970
0.0162736932
0.0162876169
0.0163645889
0.0163120558
0.0162551990
0.0162735609
0.0162546644
0.0162674598
0.0162489908
0.0163992117
0.0163684878
0.0164386290
0.0162819009
0.0162320659
0.0164437392
0.0162416510
0.0162406727
0.0162625960
0.0162846930
0.0164124691
0.0162974093
0.0162568907

65
0.0232493449
0.0196438422
0.0196491661
0.0196914971
0.0196827422
0.0196615900
0.0197299491
0.0196460062
0.0196819203
0.0196659388
0.0195857971
0.0196568109
0.0196662280
0.0197519367
0.0196768628
0.0197456181
0.0197530999
0.0196686247
0.0195873650
0.0197650241
0.0199021441
0.0200891052
0.0197178349
0.0196665628
0.0197108001
0.0196091188
0.0196265872
0.0195854041
0.0195581196
0.0196729950
0.0207921839
0.0198409939
0.0195940910

70
0.0327576152
0.0279854387
0.0280696549
0.0288342722
0.0285992404
0.0283720316
0.0280725206
0.0282478989
0.0279972991
0.0280136154
0.0281146420
0.0280383839
0.0281245392
0.0279618069
0.0280241417
0.0292010889
0.0281833340
0.0280477339
0.0280873193
0.0279680402
0.0280564339
0.0280792429
0.0282137450
0.0280604553
0.0282013346
0.0281285509
0.0280361809
0.0282256459
0.0280678142
0.0280726189
0.0281773652
0.0279229400
0.0280219931

75
0.0389677603
0.0331108910
0.0328140212
0.0327699860
0.0331005119
0.0337478318
0.0328878751
0.0328578451
0.0332134208
0.0336468979
0.0328538548
0.0328553207
0.0328551498
0.0327361021
0.0331012849
0.0327778859
0.0327354451
0.0328517398
0.0329012391
0.0329262158
0.0341017121
0.0331699243
0.0329010673
0.0329158851
0.0345087829
0.0334318080
0.0328378240
0.0328370859
0.0326839788
0.0329073300
0.0328229601
0.0328348367
0.0330282352

80
0.0529706143
0.0466002338
0.0458337506
0.0455734869
0.0455794828
0.0452598492
0.0454881922
0.0453922600
0.0458590020
0.0452907211
0.0453086938
0.0452144137
0.0454183021
0.0469320710
0.0458161039
0.0454738443
0.0455161221
0.0453740708
0.0473533799
0.0455079940
0.0452375761
0.0458983122
0.0454203770
0.0487613082
0.0459110998
0.0453990600
0.0452924632
0.0452837711
0.0453167199
0.0455615968
0.0455114539
0.0453015799
0.0454300917

85
0.0604113839
0.0513438261
0.0511393747
0.0515169851
0.0512851370
0.0513303610
0.0512532191
0.0513946200
0.0514601041
0.0512551051
0.0511704003
0.0516798040
0.0513575710
0.0513847061
0.0512928618
0.0513746850
0.0514029753
0.0513767209
0.0513847284
0.0513897706
0.0512729180
0.0513533512
0.0512206499
0.0521306838
0.0514512002
0.0513575799
0.0513592954
0.0514323986
0.0512289847
0.0512565961
0.0513134850
0.0517927040
0.0513261906

90
0.0814722762
0.0694618900
0.0692519229
0.0692435601
0.0698038568
0.0694362330
0.0691790241
0.0698752622
0.0692913523
0.0691341111
0.0694683949
0.0693275440
0.0696973070
0.0695280042
0.0697271689
0.0694309133
0.0694246599
0.0694164033
0.0694035059
0.0699966131
0.0691759121
0.0693753329
0.0697670369
0.0694659720
0.0692864843
0.0695190970
0.0697660875
0.0706838383
0.0695837671
0.0695296158
0.0696474989
0.0693965522
0.0692870622

95
0.0885503269
0.0750275031
0.0748908720
0.0747654880
0.0752273570
0.0751337120
0.0745176012
0.0750182369
0.0750461239
0.0748750600
0.0747921290
0.0745239868
0.0751630310
0.0755589986
0.0744082378
0.0746773980
0.0747611071
0.0749197337
0.0748790610
0.0747450860
0.0746254409
0.0755493753
0.0747709940
0.0748511148
0.0748368031
0.0747755803
0.0761101502
0.0747371959
0.0748641989
0.0750355418
0.0746111819
0.0760855703
0.0748392823

100
0.1184550128
0.1021751692
0.1022642679
0.1017280160
0.1025204328
0.1025492540
0.1031329851
0.1018330581
0.1021620031
0.1019205707
0.1023202268
0.1022125278
0.1025482570
0.1020028568
0.1030522748
0.1020695232
0.1024420112
0.1020926167
0.1025495129
0.1026630220
0.1022189590
0.1022002413
0.1025987468
0.1022978588
0.1029703929
0.1025254801
0.1021099039
0.1024370729
0.1020900533
0.1025634883
0.1020393530
0.1022507790
0.1024690401

105
0.1289172713
0.1096348390
0.1098769577
0.1100941319
0.1094220490
0.1094016880
0.1092753937
0.1094419588
0.1095850412
0.1096729618
0.1103916923
0.1094799573
0.1100278897
0.1095732516
0.1094646589
0.1091589746
0.1091958340
0.1097227870
0.1095305681
0.1095943800
0.1092765788
0.1102193501
0.1098684729
0.1091091740
0.1091845557
0.1093656351
0.1093046302
0.1104633468
0.1093511740
0.1100601857
0.1113648852
0.1099268040
0.1095523909

110
0.1616429212
0.1387722441
0.1387884091
0.1387249008
0.1387127792
0.1385668814
0.1389677678
0.1392783541
0.1387881250
0.1388008520
0.1390032312
0.1395177632
0.1386140571
0.1386516662
0.1392391282
0.1387409070
0.1384511949
0.1389070190
0.1390129360
0.1386430669
0.1385268071
0.1405258579
0.1392510361
0.1389693823
0.1399913151
0.1385097238
0.1385161541
0.1387855792
0.1393164843
0.1387802372
0.1400664202
0.1400311626
0.1388121513

115
0.1798412022
0.1544429134
0.1553305010
0.1554373181
0.1552513964
0.1552793109
0.1552997720
0.1553096180
0.1554005770
0.1556785288
0.1555426889
0.1553431568
0.1557155750
0.1555059101
0.1555971713
0.1551873027
0.1549852709
0.1549993642
0.1551040378
0.1550886421
0.1554215141
0.1552256746
0.1554729259
0.1549451170
0.1549847852
0.1554279891
0.1559239384
0.1552850218
0.1552718547
0.1560785281
0.1557586328
0.1553746504
0.1578221978

120
0.2258532960
0.1997373467
0.1985396738
0.1984131779
0.1990896198
0.1987000769
0.1990407980
0.1981816948
0.1986014741
0.1997945909
0.1991190710
0.1989876302
0.1988777043
0.1990620582
0.1990890042
0.2004568521
0.1994225108
0.1987645142
0.1986997011
0.1986259492
0.1988585298
0.1995920632
0.1998521769
0.1991154449
0.2089391481
0.2001952589
0.1995477830
0.1982230251
0.1989520420
0.1983220428
0.1992653171
0.1987636690
0.1999455621

125
0.2503625629
0.2152205501
0.2163430541
0.2159561277
0.2154448000
0.2164395219
0.2159411819
0.2180862604
0.2170623480
0.2151616090
0.2164530209
0.2180064372
0.2147490941
0.2160732336
0.2151692482
0.2153648483
0.2157290960
0.2155533009
0.2168503259
0.2158811768
0.2169043808
0.2161721266
0.2153956802
0.2158094468
0.2162196571
0.2156260828
0.2169382493
0.2162418030
0.2154375413
0.2160540358
0.2166188029
0.2154747494
0.2150189690

130
0.3051967490
0.2659538286
0.2664772528
0.2648593639
0.2652279213
0.2651701421
0.2663414511
0.2653696407
0.2650772170
0.2649863670
0.2670951351
0.2658455353
0.2663830491
0.2670327812
0.2676426922
0.2675428088
0.2663187869
0.2654299438
0.2672365690
0.2658532183
0.2673942489
0.2673962968
0.2674888819
0.2666075733
0.2664157869
0.2663919036
0.2654969529
0.2650395739
0.2654404398
0.2663044077
0.2672175881
0.2650589948
0.2656955356

135
0.3335509230
0.2867468018
0.2891226332
0.2885083291
0.2893470312
0.2866309639
0.2894968949
0.2854441181
0.2879427639
0.2873751181
0.2860432202
0.2864664309
0.2856853339
0.2878304902
0.2864044909
0.2897671019
0.2894123546
0.2889108812
0.2882462698
0.2878127047
0.2870335071
0.2874509259
0.2857210310
0.2874823343
0.2857856010
0.2878002031
0.2891149381
0.2882374530
0.2863058993
0.2880416070
0.2884506090
0.2868132112
0.2857456021

140
0.3969143690
0.3455280899
0.3461042042
0.3482742021
0.3472605259
0.3475109059
0.3468046971
0.3486195668
0.3510864382
0.3464865289
0.3468416086
0.3494097251
0.3472557473
0.3497860590
0.3473901236
0.3470853828
0.3462526221
0.3478351049
0.3480086061
0.3493351131
0.3483762974
0.3474854464
0.3473198120
0.3473749249
0.3459350467
0.3485532682
0.3469844391
0.3465828062
0.3470062539
0.3531993940
0.3471754519
0.3465802372
0.3459950411

145
0.4345790786
0.3758930909
0.3782022521
0.3798995777
0.3809398310
0.3788155140
0.3782553440
0.3777888329
0.3772234451
0.3765994408
0.3786644340
0.3754373621
0.3776828367
0.3780522067
0.3795966790
0.3766253679
0.3765381449
0.3769529890
0.3788321121
0.3765569301
0.3771629771
0.3755893973
0.3762652958
0.3785256189
0.3782177279
0.3794147670
0.3742130348
0.3758827648
0.3781616213
0.3781801378
0.3776340950
0.3756886758
0.3781398791

150
0.5177959879
0.4534138683
0.4544473458
0.4530257331
0.4521759222
0.4559141439
0.4536803979
0.4552965490
0.4541128543
0.4548318223
0.4531256878
0.4541405169
0.4554518871
0.4569863412
0.4563288852
0.4569182070
0.4518088647
0.4506441029
0.4536303231
0.4549111510
0.4534131000
0.4544885010
0.4534491948
0.4520565323
0.4538119431
0.4543651417
0.4524274678
0.4534322489
0.4544778760
0.4535229793
0.4568268899
0.4521106370
0.4532569018

