5
0.0001240000
0.0000113212
0.0000112457
0.0000105514
0.0000110520
0.0000101859
0.0000103638
0.0000095079
0.0000102078
0.0000097230
0.0000095712
0.0000092848
0.0000093267
0.0000095898
0.0000092480
0.0000093067
0.0000098203
0.0000095130
0.0000091633
0.0000095088
0.0000095009
0.0000092662
0.0000096289
0.0000094380
0.0000094012
0.0000093300
0.0000091889
0.0000092583
0.0000091940
0.0000092350
0.0000092848
0.0000086911
0.0000090352

10
0.0001348611
0.0000311662
0.0000282992
0.0000262391
0.0000244691
0.0000227089
0.0000282559
0.0000255588
0.0000234167
0.0000244104
0.0000235899
0.0000222069
0.0000291709
0.0000238013
0.0000283062
0.0000234689
0.0000231522
0.0000264919
0.0000247252
0.0000227601
0.0000253762
0.0000243853
0.0000236090
0.0000227150
0.0000242824
0.0000239890
0.0000224528
0.0000216342
0.0000250810
0.0000223457
0.0000238712
0.0000218870
0.0000208933

15
0.0002214434
0.0001258692
0.0001248089
0.0001306506
0.0001237229
0.0001230980
0.0001245700
0.0001233267
0.0001232452
0.0001225132
0.0001223320
0.0001240959
0.0001243320
0.0001362930
0.0001234319
0.0001244480
0.0001229462
0.0001227683
0.0001231092
0.0001226841
0.0001233509
0.0001216391
0.0001245122
0.0001237267
0.0001222510
0.0001231050
0.0001223031
0.0001231232
0.0001226948
0.0001244470
0.0001235912
0.0001238021
0.0001228978

20
0.0004387610
0.0002862620
0.0002828692
0.0002864441
0.0002827370
0.0003039557
0.0002900590
0.0002863142
0.0002878951
0.0002837600
0.0002859579
0.0002902201
0.0002869228
0.0002897540
0.0002861582
0.0002890578
0.0002901470
0.0002900623
0.0003123539
0.0002783891
0.0002752589
0.0002802461
0.0002794308
0.0002761101
0.0002774009
0.0002802368
0.0002742549
0.0002813241
0.0002803979
0.0002889577
0.0002876050
0.0002748640
0.0002727793

25
0.0004805601
0.0003362768
0.0003369078
0.0003317073
0.0003365530
0.0003519580
0.0003347890
0.0003354880
0.0003315378
0.0003309469
0.0003385399
0.0003359038
0.0003373660
0.0003365860
0.0003347700
0.0003370792
0.0003432529
0.0003341860
0.0003697118
0.0003369180
0.0003391402
0.0003319522
0.0003424259
0.0003416878
0.0003343597
0.0003313841
0.0003381567
0.0003292151
0.0003455030
0.0003325329
0.0003351304
0.0003452012
0.0003334009

30
0.0010167980
0.0007542199
0.0007624598
0.0007380121
0.0007364070
0.0007346179
0.0007281462
0.0007448490
0.0007375530
0.0007421970
0.0007407181
0.0007322459
0.0007425421
0.0007312093
0.0007339129
0.0007375800
0.0007276339
0.0007334896
0.0007364680
0.0007319590
0.0007378338
0.0007296200
0.0007279213
0.0007386799
0.0007297560
0.0007367609
0.0008025342
0.0007405160
0.0007977127
0.0007435810
0.0007380322
0.0007315879
0.0007363539

35
0.0014550081
0.0010878993
0.0010158569
0.0009490219
0.0008940911
0.0008616163
0.0008597230
0.0008530738
0.0008833562
0.0008649793
0.0008567339
0.0008623502
0.0008632094
0.0008955440
0.0008691503
0.0008644173
0.0008569341
0.0008658450
0.0008613202
0.0008529061
0.0008546631
0.0008551911
0.0008740341
0.0008676392
0.0008548950
0.0008603800
0.0008523688
0.0008760411
0.0008571572
0.0008535520
0.0008521010
0.0008693580
0.0008538067

40
0.0028378908
0.0022757608
0.0022369232
0.0022195899
0.0021882998
0.0022152108
0.0021664207
0.0021844343
0.0021562548
0.0021275859
0.0021423507
0.0021214597
0.0021282122
0.0021083872
0.0021341261
0.0021227528
0.0021142149
0.0021223431
0.0021705632
0.0021200008
0.0021343590
0.0021520797
0.0022359369
0.0021810811
0.0021237712
0.0021360191
0.0021125111
0.0021508671
0.0021348172
0.0021280977
0.0021110079
0.0021226699
0.0021076226

45
0.0034501059
0.0029117442
0.0028812024
0.0028970912
0.0027449070
0.0027618338
0.0027441974
0.0027323179
0.0027246480
0.0027456228
0.0028315149
0.0027415319
0.0027790219
0.0027803881
0.0027445331
0.0027550478
0.0027349880
0.0027379361
0.0027876361
0.0027355263
0.0027837600
0.0028463718
0.0027590860
0.0027448740
0.0027406197
0.0027663978
0.0027439562
0.0027263463
0.0027685980
0.0027571837
0.0027326723
0.0027598618
0.0027367091

50
0.0056513464
0.0049736900
0.0049018920
0.0049477471
0.0048611369
0.0048708241
0.0048452602
0.0049263947
0.0048888731
0.0048852921
0.0048588240
0.0048591048
0.0048514418
0.0048441491
0.0048399111
0.0048184069
0.0048247869
0.0048575988
0.0048542572
0.0048402990
0.0048648771
0.0048651737
0.0049694576
0.0049154726
0.0048513249
0.0048575359
0.0048477603
0.0048129922
0.0048461128
0.0048707291
0.0049142279
0.0049082749
0.0049116230

55
0.0069046132
0.0062289829
0.0062011401
0.0061898166
0.0061605643
0.0061026956
0.0061018956
0.0061202743
0.0061405641
0.0061244662
0.0062228991
0.0062444089
0.0063563073
0.0064067170
0.0065735448
0.0066004479
0.0063938266
0.0065772734
0.0065926909
0.0064079380
0.0063003930
0.0066067572
0.0064332811
0.0066046659
0.0064251092
0.0066309110
0.0064016790
0.0063988939
0.0063043721
0.0066936919
0.0063664904
0.0061829994
0.0060965181

60
0.0095213377
0.0088939802
0.0087459781
0.0087882038
0.0087872478
0.0088360622
0.0087707150
0.0087712831
0.0087878127
0.0089641321
0.0088099549
0.0087634288
0.0087910271
0.0087785441
0.0088860570
0.0087455036
0.0088000251
0.0087591726
0.0087535158
0.0088235210
0.0088297389
0.0087303459
0.0087573910
0.0087568788
0.0087595219
0.0087984283
0.0087545300
0.0087669669
0.0087923310
0.0087744170
0.0087966579
0.0087286909
0.0089224721

65
0.0121102640
0.0112556373
0.0112016960
0.0112203741
0.0112549057
0.0112461448
0.0113075213
0.0111136953
0.0111766239
0.0111356601
0.0111992657
0.0112272347
0.0111898594
0.0111550167
0.0111925248
0.0111463033
0.0112475120
0.0112139904
0.0112170661
0.0111469948
0.0112240883
0.0112708490
0.0111996052
0.0111174439
0.0112921018
0.0111676422
0.0111606801
0.0111706518
0.0111622754
0.0112872408
0.0112908757
0.0111945029
0.0111889029

70
0.0163168837
0.0153041370
0.0153127871
0.0152801429
0.0154250567
0.0152142569
0.0153269428
0.0154305282
0.0152681931
0.0157388002
0.0153526119
0.0153155494
0.0152239678
0.0153522883
0.0153277181
0.0153524419
0.0152558740
0.0152894068
0.0152159329
0.0152370031
0.0153422430
0.0153695941
0.0153143513
0.0153517891
0.0154166650
0.0153711629
0.0152629591
0.0152933691
0.0153517630
0.0153630711
0.0153423352
0.0152291311
0.0153414272

75
0.0200764588
0.0187044130
0.0187199297
0.0185723882
0.0186838871
0.0194882797
0.0187196853
0.0186954602
0.0186560922
0.0187023832
0.0185617749
0.0187574322
0.0186512428
0.0186207881
0.0187014709
0.0185476812
0.0187807349
0.0187002369
0.0187201528
0.0185270011
0.0186315491
0.0185638289
0.0186961973
0.0197248431
0.0187149113
0.0185749941
0.0187037103
0.0188048589
0.0190851111
0.0187218012
0.0186844370
0.0185287972
0.0186903127

80
0.0268833316
0.0251184809
0.0251825331
0.0251361639
0.0251449361
0.0251076682
0.0251123733
0.0251140720
0.0254054801
0.0251710000
0.0252951761
0.0253934069
0.0250856858
0.0251614400
0.0252898950
0.0251606521
0.0252132961
0.0252255299
0.0257692109
0.0250463639
0.0252032299
0.0253432030
0.0251958538
0.0251027350
0.0251202872
0.0251598363
0.0251116422
0.0251613781
0.0252387254
0.0250784950
0.0251371739
0.0254087420
0.0252352618

85
0.0310591650
0.0289568081
0.0287691071
0.0287750321
0.0290886550
0.0287763509
0.0289776158
0.0287419809
0.0288802250
0.0289068981
0.0286681429
0.0287479372
0.0289085410
0.0288544004
0.0289001772
0.0290886913
0.0288080857
0.0286918511
0.0286768111
0.0287484089
0.0287346407
0.0288032438
0.0290036430
0.0286510200
0.0290011647
0.0287887682
0.0288050980
0.0288294600
0.0289694369
0.0288293413
0.0287635149
0.0288625299
0.0287715490

90
0.0402467307
0.0387053383
0.0386595470
0.0387560399
0.0386025738
0.0388620552
0.0388322342
0.0386728803
0.0389608839
0.0387021643
0.0385938380
0.0389560899
0.0389974792
0.0387628553
0.0386897828
0.0385786849
0.0386499180
0.0385595830
0.0386407962
0.0391273457
0.0386591232
0.0385685591
0.0386701212
0.0388073861
0.0387523691
0.0387453362
0.0390525293
0.0388814062
0.0387809370
0.0389122199
0.0390804904
0.0385632240
0.0386693534

95
0.0468470231
0.0428691180
0.0431563896
0.0429275678
0.0430639298
0.0427822242
0.0415901691
0.0412014751
0.0413633897
0.0410383139
0.0409962181
0.0409977073
0.0411410150
0.0412072991
0.0410439619
0.0411400190
0.0412929580
0.0412508873
0.0412023682
0.0411368022
0.0414258549
0.0411667898
0.0413424070
0.0413744990
0.0412644250
0.0410799710
0.0409576520
0.0414514868
0.0413555671
0.0409906842
0.0413288870
0.0412953710
0.0413121469

100
0.0606339350
0.0570330857
0.0574067431
0.0568217700
0.0575194070
0.0572340810
0.0572738559
0.0571420090
0.0572900372
0.0573781170
0.0570455571
0.0574403941
0.0567791751
0.0568880429
0.0568500450
0.0572725460
0.0568441958
0.0577867171
0.0574039891
0.0568434861
0.0578415859
0.0578312990
0.0572176110
0.0572012798
0.0572172990
0.0572712370
0.0567809432
0.0567758977
0.0579624604
0.0570224090
0.0571372989
0.0571536012
0.0566970031

105
0.0636511110
0.0604250003
0.0607847730
0.0605463921
0.0606576330
0.0606563617
0.0609042970
0.0608126279
0.0604315922
0.0606224053
0.0603967211
0.0610385542
0.0607407773
0.0605143062
0.0607570959
0.0612362172
0.0606400613
0.0606923648
0.0606189189
0.0613461048
0.0605092938
0.0607702369
0.0609715972
0.0610661758
0.0607738444
0.0606427090
0.0606073751
0.0609194068
0.0606404878
0.0602716831
0.0609305850
0.0609790850
0.0604907689

110
0.0779281538
0.0743804751
0.0743158218
0.0744698858
0.0752067878
0.0741310632
0.0741728763
0.0742493928
0.0742813889
0.0747294542
0.0744185899
0.0741180801
0.0743378741
0.0748348869
0.0742668007
0.0743820798
0.0748438588
0.0744447638
0.0744231860
0.0749240620
0.0742089548
0.0742781218
0.0750665548
0.0748311714
0.0743089537
0.0749691101
0.0741842221
0.0744872591
0.0748035698
0.0742083108
0.0748794209
0.0744570140
0.0741332020

115
0.0893291021
0.0859989701
0.0856047110
0.0859208880
0.0854723621
0.0856013033
0.0853901110
0.0854364191
0.0857578977
0.0857065483
0.0853487020
0.0853374251
0.0855528829
0.0860218639
0.0855951393
0.0856606760
0.0855931458
0.0855921959
0.0860372433
0.0855759638
0.0854774448
0.0863364860
0.0852897782
0.0866974210
0.0867849700
0.0858214688
0.0858737738
0.0856967568
0.0867690933
0.0864955280
0.0854711169
0.0861081230
0.0856331429

120
0.1152096409
0.1111246287
0.1103442670
0.1113841129
0.1094033383
0.1109340428
0.1110246284
0.1115055317
0.1119624781
0.1119445600
0.1104040081
0.1105212290
0.1095713270
0.1097230259
0.1105851610
0.1097554122
0.1096148053
0.1100970483
0.1098378808
0.1099858088
0.1101288348
0.1113264430
0.1100139744
0.1099958769
0.1098066298
0.1103666788
0.1100294767
0.1111407741
0.1096927542
0.1102724359
0.1103505781
0.1101319226
0.1104041813

125
0.1244575651
0.1198560628
0.1206486821
0.1200860529
0.1199089922
0.1217327761
0.1197901098
0.1206114031
0.1208807318
0.1212615650
0.1207358087
0.1206585639
0.1201385381
0.1197274071
0.1199611761
0.1197476997
0.1196471159
0.1196638467
0.1199357151
0.1198516209
0.1197325601
0.1214166819
0.1195947793
0.1200074940
0.1210407251
0.1199900396
0.1199206868
0.1198828369
0.1209711069
0.1200309359
0.1197629087
0.1201728028
0.1215656609

130
0.1492077741
0.1446692152
0.1443926101
0.1443843250
0.1444009109
0.1447338914
0.1444401457
0.1447352222
0.1448830073
0.1447557239
0.1441044468
0.1448057359
0.1449807147
0.1451291391
0.1445809151
0.1450995901
0.1446075169
0.1446497254
0.1443272382
0.1442253110
0.1447973819
0.1442956547
0.1450302000
0.1446751747
0.1442863238
0.1441862672
0.1443876228
0.1458245004
0.1446552132
0.1454659584
0.1444606837
0.1442188057
0.1449653259

135
0.1635795683
0.1564947390
0.1569897919
0.1564955590
0.1565220067
0.1563651757
0.1564052100
0.1566269603
0.1571852542
0.1565682581
0.1569108190
0.1566142011
0.1566560026
0.1573321731
0.1565161771
0.1579939430
0.1577202324
0.1569122872
0.1588048832
0.1562740421
0.1570247528
0.1568713021
0.1573270778
0.1570800464
0.1565012620
0.1565480740
0.1566554392
0.1569091612
0.1573214009
0.1570386253
0.1568568917
0.1569039207
0.1564646070

140
0.1897826470
0.1840207889
0.1834068960
0.1837113840
0.1841177382
0.1841042913
0.1840048153
0.1838400499
0.1839408358
0.1837903750
0.1840342651
0.1839795210
0.1834418629
0.1840070011
0.1852673204
0.1836723466
0.1839069622
0.1834698147
0.1850338560
0.1846244261
0.1850898578
0.1835616073
0.1837788559
0.1837507337
0.1833258127
0.1834389479
0.1890216907
0.1834823610
0.1835869141
0.1838072506
0.1838629739
0.1840833169
0.1835985989

145
0.2185042934
0.2047770270
0.2031928869
0.2033099593
0.2031895211
0.2032964439
0.2030691602
0.2026951201
0.2027746080
0.2027571308
0.2032496803
0.2034093593
0.2033445900
0.2032855470
0.2030640822
0.2031149077
0.2028800123
0.2027138891
0.2037625760
0.2033160958
0.2044596872
0.2036562981
0.2027559029
0.2028967808
0.2028982812
0.2032542103
0.2029267671
0.2031036881
0.2031512791
0.2032562220
0.2166196723
0.2070344826
0.2027592841

150
0.2455014219
0.2381609329
0.2390275314
0.2389845890
0.2381302579
0.2383105149
0.2378237098
0.2381052789
0.2385043446
0.2386562643
0.2390912254
0.2378998990
0.2384385769
0.2381772320
0.2378364000
0.2383982423
0.2392860451
0.2380514741
0.2380154934
0.2383938436
0.2386435443
0.2384214271
0.2391440561
0.2385324030
0.2384548620
0.2380175940
0.2380702500
0.2384202378
0.2387104710
0.2386277271
0.2392819691
0.2378258361
0.2388725849

